,AAPL,ABNB,ADBE,ADI,ADP,ADSK,AEP,ALGN,AMAT,AMD,AMGN,AMZN,ANSS,ASML,AVGO,AZN,BIIB,BKNG,BKR,CDNS,CEG,CHTR,CMCSA,COST,CPRT,CRWD,CSCO,CSGP,CSX,CTAS,CTSH,DDOG,DLTR,DXCM,EA,EBAY,ENPH,EXC,FANG,FAST,FI,FTNT,GFS,GILD,GOOG,GOOGL,HON,IDXX,ILMN,INTC,INTU,ISRG,JD,KDP,KHC,KLAC,LCID,LRCX,LULU,MAR,MCHP,MDLZ,MELI,META,MNST,MRNA,MRVL,MSFT,MU,NFLX,NVDA,NXPI,ODFL,ON,ORLY,PANW,PAYX,PCAR,PDD,PEP,PYPL,QCOM,REGN,ROST,SBUX,SGEN,SIRI,SNPS,TEAM,TMUS,TSLA,TXN,VRSK,VRTX,WBA,WBD,WDAY,XEL,ZM
AAPL,1.0,0.7737252446694182,0.8044701366964567,0.5018274481824186,-0.03403697369796593,0.43856534008653997,-0.6991969497358702,0.40374110590186346,0.8950996509838733,0.9374795686481956,-0.24679880397243525,0.8917566306956266,0.7726735070565866,0.5689308658406196,0.8895694818984691,0.03066424192185124,-0.2511453138511076,0.8196172617147566,0.5305813679234108,0.9105256451695176,0.5479767167108677,0.32463545623357487,0.7394684399337487,0.8005624813610007,0.9484979915224251,0.7783375242116183,0.5354337437243536,0.51033695098159,0.320822330988981,0.7902881548911519,0.6257473932377332,0.8050843944727278,-0.2998627528271403,0.07851812928137263,0.5327825361148737,-0.11242444242536608,-0.751061462691489,-0.5014292423520542,0.21633680347680018,0.9157904383233537,0.8806637562618197,0.6095742459313261,-0.10775618476911142,-0.7995459128486394,0.8637381236730726,0.867150758086219,-0.4442980340718931,0.4092250053664596,-0.4712793518844317,0.7438022292399356,0.7682989403996725,0.7814356441913861,-0.8165089812535861,-0.704553801599166,-0.699164708782813,0.7608196077092555,-0.5187714319005617,0.9106271582030816,0.7791741311881393,0.7941362983133173,0.569169869725948,0.5750397766914858,0.7115021433244346,0.9344933880817696,0.7024109172317098,-0.8082527692974203,0.8314605459325666,0.9485761997537229,0.8177321242554761,0.845451459119935,0.9278831559143376,0.7589735280604563,0.6602948708754789,0.6747062185023266,0.8723064712719554,0.9142114648824173,0.18128791645831213,0.8127635030199353,0.014302156179789484,0.09563946241605795,-0.5657429619480272,-0.06640815191478874,0.3284699521727738,0.028610465414428396,-0.2922555937515912,0.8027282451996741,-0.3916027611516977,0.8497554968252788,0.6505208694678529,-0.3727901733432452,0.8540492665607717,-0.21980759156928178,0.8639241604004202,0.8363100211508762,-0.7023237223514202,-0.11907475577568258,0.8669025313029464,-0.6718821576188577,-0.2699666795191083
ABNB,0.7737252446694182,1.0,0.6729605082105247,0.5946221915445884,0.10756318855274202,0.6272976550098867,-0.5933520447153721,0.6327265987556608,0.7648683466467211,0.6770753239013454,-0.22113135698112085,0.716469139145907,0.7285820963300338,0.3981554146303423,0.7069369825054268,-0.14756999832129392,-0.3401902617154582,0.815217353847316,0.6807406322546045,0.7329164374521154,0.41432050866428916,0.5293384014130398,0.7360823910686318,0.7293582318653421,0.6958056555961266,0.551629315342779,0.6261853256371337,0.347940574962814,0.1512656658681225,0.5419202081664547,0.7327650750543808,0.6393724875867498,-0.2527113980882027,0.0245399311298348,0.16479285557502182,0.17475075217681516,-0.6327644902256356,-0.34423299525563034,0.32149418491900084,0.7030066489842708,0.8233001229880925,0.5485458419543756,0.1803093959472917,-0.6759648317504862,0.6542776588301532,0.6603504536745989,-0.44523484554230575,0.5682950724081812,-0.3261572823688251,0.5727575714038214,0.696770545362408,0.46735750994563924,-0.5969647650070525,-0.4283854743508868,-0.616143011936796,0.5677184532020279,-0.21496813780947271,0.7513038461892966,0.5009101789363809,0.7911178781463366,0.7118775341499506,0.31042788383167647,0.6476997775392787,0.7597014414511701,0.46441619512542665,-0.6278768712755213,0.7292020514373465,0.656972475354744,0.6261470867687514,0.6743420572690544,0.7563264106138181,0.8688572101338743,0.8031272155149318,0.7979877392374296,0.5823825268997902,0.7397402052151809,0.325134257664151,0.7795691843418453,0.12935724647517935,-0.001874497187788329,-0.25013218893087164,0.14020134532229458,0.36517696330963073,0.06948972602597482,-0.2553032188988784,0.6460216395085503,-0.2966252702115833,0.648811902668809,0.7812417101854113,-0.26378793332893846,0.8638049540274868,-0.021511297917648876,0.6628123314766413,0.5578449537940835,-0.5740366676381451,0.2180468088384064,0.7944659228857547,-0.6563336581814824,0.10203542409402996
ADBE,0.8044701366964567,0.6729605082105247,1.0,0.07306999694263601,0.31513376058271386,0.5101327786443575,-0.864620392078882,0.06670571321056529,0.9215899807620291,0.7750099109075148,0.264027225619396,0.9495963609606699,0.3888002806982666,0.23363939790092814,0.9628408647308683,-0.3635931833148013,-0.6585364264580029,0.8508209482152551,0.8247835396244344,0.9026628617740814,0.9045118958423742,0.6711037244317796,0.8200111600361125,0.9533779581042628,0.8904856017036943,0.894259957619074,0.6949482828693815,0.5275995937865549,0.1591339947265126,0.9329321546432667,0.7776360014278503,0.792580178804907,-0.6698016778819077,-0.33421493651018486,0.48248844854298384,-0.32749673018367914,-0.8190752691215564,-0.6166229782550363,0.6280082206243925,0.8539145885645085,0.6637471408077603,0.12523738978271576,-0.39021097819736056,-0.7280535496631497,0.9125281583494876,0.9100944368823728,-0.5024496966714468,0.07692543096656138,-0.8191168563976822,0.9158820509782254,0.944575573335242,0.5664206846107862,-0.7304741783787719,-0.6756444044599593,-0.8995436354165531,0.9377549313903488,-0.7157110679862563,0.9238659309412202,0.8039045935808724,0.8947813745073891,0.35567019201166455,0.16049889410517615,0.6280744234361942,0.909902487465676,0.36059832156541083,-0.8525030588364569,0.7853802566940222,0.8778405645825167,0.8595237129257801,0.8897859344135604,0.9386885199658404,0.7676828645795362,0.8487964201994198,0.47207628249962186,0.7695664481847574,0.8994115016239355,0.46739284306728757,0.9417124987037515,0.4996069499373832,-0.3587453626908715,-0.7220496250992116,-0.04377681946507261,0.4848513388134789,0.5037972801540056,-0.4905446652981833,0.6618939923561528,-0.05083880717865291,0.947351882417723,0.7956045322935943,-0.24118096494926625,0.8022147291278734,-0.5235198303927526,0.9090433258655313,0.8237995187359497,-0.8885525802900766,-0.4063211337644196,0.9133581237967987,-0.8493634591780272,-0.2994518937090061
ADI,0.5018274481824186,0.5946221915445884,0.07306999694263601,1.0,-0.29157760988247716,0.33758953187241103,0.05651487067643773,0.7353581238013369,0.311427297410379,0.45371694644756116,-0.6666336106938311,0.1886833815213435,0.7945557448997312,0.6659252127228324,0.2024481834013396,0.31377827791561264,0.20381416022307186,0.2946339848992895,-0.033498489549798206,0.3038696960776677,-0.26785916880919003,-0.17537406184818283,0.1525619581871966,0.12189433982847449,0.2993748360173555,0.07561359920892796,0.08501638042962646,0.1428471323666247,0.30195328288169954,0.056409730493056004,0.17507560936658362,0.31545565926382074,0.41799797012773726,0.6230172698118344,0.11933932878098956,0.37090929459436234,-0.0731130948405472,0.09904316203132464,-0.35248854363389726,0.3375802070065611,0.6407844515834932,0.7743263853043347,0.6603477058159922,-0.27281104796704525,0.12063030393601111,0.13002714157327366,-0.016443129115908235,0.795845337492351,0.3509075538230027,0.10272410084660624,0.11689767416199336,0.3756074950857118,-0.2048470388804274,-0.005380211001038294,0.046254514836128593,0.0715640811184533,0.23151786613009318,0.30098646411836477,0.11564819857333897,0.19878336179630707,0.8113304111955773,0.5138549789683671,0.3775927445030462,0.2802562049924297,0.501650180083229,-0.09910057371605646,0.3710682670287027,0.28573820991597937,0.18261414553766067,0.26394397701010824,0.2550645003816309,0.4978724790814652,0.17272635001418793,0.5669825217546984,0.2721889884604537,0.2927527789132361,-0.028279920167897044,0.19778543109482355,-0.3903340771342341,0.5094719905657411,0.25825832459305376,0.3492991625342725,-0.025924776204390463,-0.37480319870900364,0.24409909758801387,0.35239989096946134,-0.3906756443962321,0.14300573965262436,0.19170449682852123,-0.13086006956600443,0.45085676828572124,0.5573356915088908,0.11762482889291591,0.07045653897437948,0.08204016273651189,0.5967321349578055,0.3287411718778677,0.005290814924732895,0.34387632259619166
ADP,-0.03403697369796593,0.10756318855274202,0.31513376058271386,-0.29157760988247716,1.0,0.21512826474837798,-0.1996887795818858,-0.10127703342962434,0.20241752672194227,-0.12342820685904356,0.6624410164996849,0.18754689750146755,-0.31389126889412977,-0.30886450350926686,0.19660330423818606,-0.21156633778389428,-0.264137185379982,0.16243264431998622,0.5437394179674455,-0.020901900798420504,0.4791801486386606,0.6127279050647776,0.3946816615615722,0.28738960917029377,0.017113208683222463,0.09362774442904151,0.48207935167072746,0.4034077740738859,0.11053760999017946,0.27142681204064145,0.3889672905615507,0.22659293152308563,-0.27418222190913205,-0.30580114129209807,0.08157825332083754,-0.0396360323663382,0.057491015219243775,-0.03707897667399868,0.45726171009369754,0.00498070391891839,-0.09900110094016558,-0.3199722605273379,-0.2515798058209299,0.04699110689803324,0.23028529341114326,0.23232763575306073,0.09045948823379454,-0.09057645173214071,-0.2905300600458085,0.22127428988643574,0.3534813570464249,0.10039957464396543,0.15219141914301657,0.16415870831553941,-0.30198124259180603,0.33312369124010605,-0.1603132471398925,0.21059411543679288,0.16506553150574843,0.3514704849038279,0.011666081758087572,-0.2241021142075325,-0.223737205941727,0.05658878970590705,-0.1312515134270392,-0.008827699461419578,0.24299248657133243,-0.019614505030141144,0.03879992958249942,0.14295570787642803,0.1620874555841208,0.34249059714677205,0.4078128170299332,0.2240972595592025,0.0468020595315161,0.06608975424621899,0.858748831829759,0.27548341705452967,0.38356328901014886,-0.16075013638974547,-0.14286254508167667,-0.07802226985452856,0.18390399886230524,0.572780351364509,-0.32784109369219755,-0.23250935626216812,0.5739128095096524,0.10632529147356827,0.28308280715148654,-0.10982640070039199,0.1977462510090411,-0.10592311952724796,0.2727227625306046,0.140448616559869,-0.14910454075644503,-0.36894358704559427,0.2245153993346435,-0.30877791797642934,0.1679329873663187
ADSK,0.43856534008653997,0.6272976550098867,0.5101327786443575,0.33758953187241103,0.21512826474837798,1.0,-0.3941868266753652,0.33778255988765554,0.5705715672962517,0.42302089192503994,-0.025542760155505634,0.4950213324390529,0.3119625475456156,0.4308852611093814,0.46932172494876684,-0.30647350785291944,-0.2556602019142447,0.4908089958503251,0.575067625835864,0.4706767548340329,0.39774391742183574,0.5542414926452738,0.5187452657820202,0.5519666812760884,0.40859354438112866,0.3798431180372354,0.4358401360492038,0.42503636126845645,0.2154656573116166,0.38759552937877445,0.7362742494351388,0.556752924895743,-0.23644325707639555,-0.08353114368569299,0.04860549241143021,0.3971469451818048,-0.3454986570136798,-0.307336571025458,0.34577852328507847,0.46456715100113527,0.4672526917257692,0.17150167664354596,0.17682997492090416,-0.3056930791697326,0.4303470624918021,0.4307857989751491,-0.15153678559631834,0.42403599587787055,-0.25856493729246494,0.4365785235604667,0.5259686190858583,0.19036512541367534,-0.17224317984812096,-0.22396751994896877,-0.39567477057487327,0.5193923210768476,0.08756499238878916,0.5361643146954213,0.242141754327415,0.586538051308371,0.6167437698189562,-0.07409586171396769,0.42752842164147487,0.4171132386268598,0.17760235449566858,-0.27199610793224194,0.5504462631563249,0.3844039945135237,0.5092813854543852,0.5739772230218921,0.45864258663304663,0.7099334614821263,0.6144568121021395,0.5082719882571431,0.23952578686435755,0.4408896309942424,0.4420585214209823,0.5412571490778681,0.4070826071952003,-0.2744312129114712,-0.04793857787629663,0.4611787435261124,0.23349225891146652,0.38578047878658256,-0.05910716630052228,0.17287351776112955,0.027694014013602834,0.4812038094387516,0.7027364642987145,-0.07392458044869599,0.6252066524360639,0.07291716163767238,0.38100739793962474,0.2738773301767794,-0.3408280040068417,0.22080022847259081,0.5704205400322344,-0.4414260984434544,0.47418344682993524
AEP,-0.6991969497358702,-0.5933520447153721,-0.864620392078882,0.05651487067643773,-0.1996887795818858,-0.3941868266753652,1.0,-0.07120011747150505,-0.8453264811938018,-0.7193262730723972,-0.20238101519939522,-0.8492383255124415,-0.32884188422304067,-0.05435138880432338,-0.857153120804964,0.35472926233352964,0.6118755711565793,-0.8277630440999383,-0.7250325258931957,-0.8385249412727558,-0.816257941163327,-0.637521341339807,-0.7674578585059509,-0.8380125481130553,-0.822476582397355,-0.8473060542452912,-0.6915661514001847,-0.27851906096711265,0.09147789762790687,-0.7570246401122456,-0.6870032214602325,-0.6259782981688411,0.7820367864626119,0.5470757380203957,-0.17588714526463137,0.41025863455787054,0.8736808172358727,0.8522556863919559,-0.5963892737549517,-0.7548019808212011,-0.5212246220207414,-0.07155100294207126,0.44682270667496227,0.8179183475076541,-0.8914289155402603,-0.8894483574445865,0.7431967949336044,0.11164765877667152,0.814935519200285,-0.7347723642395392,-0.8379346981626683,-0.3735430167180007,0.8123450286852509,0.7963072219963394,0.9419279470497391,-0.7923824874587007,0.7152836128850097,-0.8315991988852574,-0.646593764056614,-0.8186010116462854,-0.15836778191250503,-0.04819590949596224,-0.6127330001012051,-0.8698054229341349,-0.2581885256503588,0.8855891179566086,-0.6714516898486101,-0.7783259949248151,-0.7929765249505443,-0.7013121690819177,-0.8787253752474704,-0.6131856917781343,-0.7774472550215323,-0.4838736802849306,-0.6530231686274357,-0.8368708181062228,-0.2126926250294302,-0.8218198731735682,-0.4233285050516546,0.4962178899529598,0.8504443287360007,0.3016633438979137,-0.5508398107966693,-0.283042420508654,0.6863653873451584,-0.7247590174098356,0.2965302064257152,-0.877324585132127,-0.8085933176436315,0.38733336049206546,-0.7268322087570399,0.6503494889355923,-0.8679099548509618,-0.7455583369366369,0.9341751166503642,0.4076780941129163,-0.7908422247709121,0.9636413095099075,0.4067158670267077
ALGN,0.40374110590186346,0.6327265987556608,0.06670571321056529,0.7353581238013369,-0.10127703342962434,0.33778255988765554,-0.07120011747150505,1.0,0.2908679785447852,0.32386904423749757,-0.5720153676223011,0.19257901113506426,0.7193377508251663,0.44094232405007644,0.1685068934658422,0.33497984279722515,0.27652812222559053,0.37380031892110516,0.18442521899883454,0.2026746410174665,-0.26616341523293297,0.04579824714525867,0.37316325850584364,0.10127767608993782,0.20973720466770707,-0.08776529137118487,0.33689049456841597,0.05617466428086311,0.11195239928840506,-0.1021892830056262,0.3061193315039994,0.1577026016635532,0.3126912384127638,0.36198054228704907,-0.17385756758579704,0.479876665776657,-0.1422632036850545,0.06890810464446469,-0.19130525615565988,0.2209617623254215,0.5277997659083383,0.7060198008660777,0.45648234917726316,-0.287330589940649,0.1786322459418849,0.18973354331846867,-0.18606694488389838,0.7576481534883702,0.377545749124547,-0.047294528811474806,0.11365479846136796,0.29642268041099895,-0.19759560673299456,-0.032629860309366536,-0.08939147080559372,-0.006893525404236487,0.27823957024523094,0.28234656789855794,-0.017711037407049428,0.2751194759600498,0.6243274682229116,0.38783017458360364,0.2882419409703957,0.2779078130176374,0.45215862394602774,-0.08318741241355208,0.3761109184163131,0.15361395667517055,0.08629082543575282,0.18589913496204172,0.26808411017380485,0.5001937921552471,0.3309510922078774,0.7682902561915408,0.16417312870947046,0.21261801560120305,0.03360631175354444,0.17142465154714642,-0.4662869258322958,0.424520677910443,0.24203689216435678,0.04835165951185517,0.12131168401606189,-0.43021465048869645,0.02529162075082939,0.32396665992733154,-0.46052898320542063,0.03602012263724442,0.37125838073045453,-0.381835534223329,0.4480138772128895,0.5188091462742711,0.17522436631350083,0.08003058604302161,0.02353086715279625,0.6170470923019516,0.33414391737391574,-0.16212613610491466,0.3253529672245997
AMAT,0.8950996509838733,0.7648683466467211,0.9215899807620291,0.311427297410379,0.20241752672194227,0.5705715672962517,-0.8453264811938018,0.2908679785447852,1.0,0.8940162543367797,-0.01580011040210448,0.9523540677475485,0.5855705452965545,0.4668798493996287,0.9593840151885452,-0.23027035176777497,-0.49101421342393564,0.872109712054799,0.7294173373938133,0.910718347358032,0.747796244407265,0.5572649658369019,0.8302337203792054,0.8909399077080674,0.9174737758565118,0.8350741833949492,0.7038182850585813,0.5419241535434587,0.2250483385520339,0.8394625693442497,0.7848447226665934,0.8414578116808255,-0.5089233237528571,-0.16137261837472675,0.3914440175594439,-0.1912251922275969,-0.8004220841473537,-0.6556303673602687,0.4165166146952199,0.8806040134393,0.762736126115186,0.33926642248084105,-0.21926072739841485,-0.8271881014132487,0.9125869550991433,0.9134333091033852,-0.5239777909113404,0.2798588503398884,-0.6401098116766105,0.8227930292555321,0.8710854963951854,0.6311167558086971,-0.7407385431840758,-0.677753890047101,-0.842259323478479,0.9237579464196654,-0.5804223277289118,0.9837641766926101,0.7127812827408959,0.8915318165215115,0.5371246219398567,0.31713001099664906,0.6894623105016564,0.9272856592036115,0.5410865285427465,-0.8253335628989198,0.8870621111891874,0.8932435439003323,0.8661850312854051,0.9027563839117603,0.9627291473149373,0.8539694606870619,0.813821270223941,0.6566072676992594,0.7688170569543004,0.9123395188397512,0.38769658689058456,0.8926546622762791,0.3082562502278762,-0.19444301715579884,-0.6493015875610629,-0.018397533826226078,0.3992412350173513,0.30113351026915336,-0.4646342933230445,0.7055944723446559,-0.23429281954072878,0.9165255596242481,0.810787309506651,-0.39992042203943184,0.8801765449320477,-0.3213356752733755,0.904855890108964,0.774385900797897,-0.8159674180619328,-0.20184215101925865,0.9389239221095489,-0.8570171039301064,-0.18125860494107235
AMD,0.9374795686481956,0.6770753239013454,0.7750099109075148,0.45371694644756116,-0.12342820685904356,0.42302089192503994,-0.7193262730723972,0.32386904423749757,0.8940162543367797,1.0,-0.2849115691478424,0.8743040957275129,0.7415055256077908,0.6290708760515297,0.8773690222242612,0.006096834617660715,-0.25708680336628725,0.7725035766494607,0.44047137615264953,0.9046864765999287,0.5351670877451619,0.2424010543148646,0.659248406309295,0.7511582307339256,0.9254234474047034,0.7977390494063251,0.49595325644191873,0.446249389643474,0.24916223546435412,0.7509857654123259,0.581940076293245,0.7884421339288957,-0.3351834777700375,0.06384588755884907,0.4679212908871578,-0.16795294882604037,-0.7404385901911515,-0.5999423412229722,0.15377420157192764,0.8604519323555211,0.7898723588801261,0.5359544174831029,-0.10493006855717472,-0.8054455135413159,0.8492754520431145,0.8516741389192297,-0.47984679758572485,0.32425711469533164,-0.45263031919990765,0.7291153938832049,0.7078106992544745,0.7038624233632452,-0.78867816171301,-0.7244170352008993,-0.6730102159388704,0.7797263426275175,-0.5203125472920905,0.8978335202325263,0.6891580402306162,0.723785451628841,0.5215189844480616,0.521873312034371,0.7229469611157041,0.9011134937785887,0.6735747880229357,-0.788418163805979,0.8356396204155864,0.9291839199639184,0.8430940381343976,0.8365485481341778,0.8991371138540925,0.7024016640761883,0.5693224715126687,0.6013996019117355,0.7897765534615526,0.8744345092960487,0.10967822311307894,0.7406625515146493,0.04341065719978047,0.009784433330918723,-0.6028899701103935,-0.03780872390588063,0.29797515922442347,-0.006010649290977942,-0.33156159988838474,0.7792116006097954,-0.43629369036729176,0.8650854095027266,0.649549445220456,-0.4210328406978768,0.8009871688463215,-0.21434330941363797,0.8200224724786173,0.7443926836767581,-0.690246080665661,-0.10487746684440623,0.8339738182297451,-0.6757577794841897,-0.26036306981158347
AMGN,-0.24679880397243525,-0.22113135698112085,0.264027225619396,-0.6666336106938311,0.6624410164996849,-0.025542760155505634,-0.20238101519939522,-0.5720153676223011,-0.01580011040210448,-0.2849115691478424,1.0,0.07684189077447733,-0.5998701634524884,-0.618997212749192,0.05569397642731749,-0.38861058890524536,-0.4970925299449009,0.08091469529584337,0.3751795799561269,-0.01285316460649301,0.5597946620351404,0.5783428307719005,0.15685253488987616,0.2637712628252702,-0.05466884818865946,0.2179500636924845,0.2404434750922017,-0.01515843703034067,-0.25212368134742313,0.27399993820056884,0.1761634519771347,-0.11047626827399673,-0.5322287200952044,-0.6904070157945623,0.08879761782422783,-0.3914860046318088,-0.07251746866628347,-0.10212437887315605,0.6892530404347493,-0.04707748010828196,-0.3480776936944833,-0.7454560753949654,-0.4698547654039703,0.20088541209023758,0.14103398900037947,0.13291854437917874,-0.11116481686782148,-0.5556286070847296,-0.5295757653035471,0.31654292457020144,0.32658610684427164,-0.25677193402520543,0.048663545529963166,0.06937065623941985,-0.2899549856634843,0.20497328222981892,-0.3546631496208888,-0.004846435707941111,0.25096014821503165,0.17505835749626902,-0.4416167461525746,-0.5026439874522244,-0.11030364087162178,-0.02113658181963782,-0.5000340184353408,-0.09654190049011417,-0.18310486627985453,-0.07275349146807503,0.06423836907807426,-0.03422664111984092,0.008274367777524229,-0.08333865347554145,0.261681900373676,-0.3319494833999753,-0.04305204711892855,-0.013449498619711325,0.4559690271908252,0.17991408035664075,0.6483752968784915,-0.5649637933454202,-0.30386038406003,-0.10622690296786194,0.4284321675940709,0.6692598914618436,-0.2269939892777559,-0.131389373689461,0.5084381372523201,0.13074017236518573,0.1262824031135079,0.37103652836399675,-0.12342909381617946,-0.5255795250896609,0.13534502547895394,0.16118363104032132,-0.2732613605486882,-0.5243864710451847,0.01708672451492687,-0.18915744666912476,-0.17767845384508946
AMZN,0.8917566306956266,0.716469139145907,0.9495963609606699,0.1886833815213435,0.18754689750146755,0.4950213324390529,-0.8492383255124415,0.19257901113506426,0.9523540677475485,0.8743040957275129,0.07684189077447733,1.0,0.5145350467212004,0.38576485656050485,0.9608352967336655,-0.19303428888426333,-0.491002716651271,0.8995716194507731,0.748228209153073,0.9235863042510039,0.8121742462202901,0.5795622308389565,0.8653355862888874,0.9299538713097818,0.9512140934364977,0.8680635696012274,0.6621131572604392,0.5513670575030652,0.21848794991076795,0.9044955709373418,0.7978501122322776,0.8313123132607443,-0.5428281035842601,-0.2103118442810075,0.4757603113455143,-0.23585365300823413,-0.8549004045956633,-0.6241558727454137,0.48642878261240763,0.8894441030020508,0.7663950093744476,0.27023139176026356,-0.37276494913479247,-0.7920813567838041,0.9519116790009805,0.9516474267046678,-0.5126993066169955,0.19410800213982746,-0.7198145226524475,0.8772271050804511,0.9050379888005798,0.6784205631187357,-0.785453513251548,-0.7167632797183391,-0.847253971078836,0.9189559010369424,-0.6570055489954413,0.9687959081352379,0.8184397917488389,0.915630531072653,0.3802988995843742,0.3761823233742545,0.7233587107399121,0.954031671753773,0.5722625994835111,-0.8755295020264947,0.8365020449655844,0.9375921891737261,0.8996495706225889,0.9171009503035654,0.9672971405437487,0.7688337680927998,0.7939044159659789,0.5631860384638748,0.8515429884717729,0.9067698585547196,0.35712336333872835,0.9116167864508493,0.31250407629767324,-0.18009609035415605,-0.7259066508815405,-0.1182882838441868,0.43688508306629675,0.3438354020003621,-0.4245003153415669,0.7254886276967825,-0.21145870769367905,0.9365777065527845,0.7907519519627448,-0.3200678773312272,0.8276115386788658,-0.4550717566404143,0.9502161283870819,0.8666995338217899,-0.8673877844561707,-0.3012809626470125,0.9313667847460078,-0.8350316527666453,-0.30894994463023356
ANSS,0.7726735070565866,0.7285820963300338,0.3888002806982666,0.7945557448997312,-0.31389126889412977,0.3119625475456156,-0.32884188422304067,0.7193377508251663,0.5855705452965545,0.7415055256077908,-0.5998701634524884,0.5145350467212004,1.0,0.6223527107788686,0.5333343521295708,0.2522108838606975,0.045920570773388604,0.5793446690714876,0.1903749693608767,0.6413647944315544,0.008959508557083438,-0.032286726128223336,0.40946170623640554,0.38948083650635684,0.6266657156289844,0.3984733515075791,0.3803816040894039,0.18947275018434265,0.17466266184463752,0.33929753885558317,0.30309022769875715,0.4542578720083586,0.03394445411405637,0.36184752312705665,0.27536750116616315,0.1313626312313944,-0.4276758740297279,-0.17488081442125203,-0.133284006585202,0.5867806015435619,0.7565868763158118,0.8434280588284193,0.3688231238741994,-0.6087821273229799,0.49266014547260706,0.49996385834988294,-0.32959834775511326,0.6261151444334531,0.049389111056418196,0.3587838424285486,0.40025490743020503,0.568221799835045,-0.604260649825775,-0.409856579503486,-0.33920982483422923,0.3094355922427148,-0.15382451283069626,0.567673280589154,0.38390426869182653,0.42586123722392,0.6614043504434446,0.5696522921939582,0.591062524294879,0.6303530511650085,0.6193272212309997,-0.46346992917418356,0.5931810318043609,0.6141523018480886,0.47651451867479594,0.48592030208165565,0.6108419098935363,0.5794554913737714,0.38946809968080637,0.6868930829065101,0.5366782254541324,0.6283616946872794,-0.09443881564799063,0.44263040217906036,-0.34362108004849684,0.3461432717123447,-0.11816149597016751,0.051699564440719714,0.2248488725456569,-0.4108700052183831,-0.09463965152613296,0.722124952748862,-0.5885346073250299,0.4818090965945938,0.4612176651620742,-0.3503494371403147,0.6687790587939763,0.2577284061648703,0.4887423253260562,0.4450138858232152,-0.31148118143692055,0.3240245191532471,0.6064593509024799,-0.3403861934888162,-0.013858091409353653
ASML,0.5689308658406196,0.3981554146303423,0.23363939790092814,0.6659252127228324,-0.30886450350926686,0.4308852611093814,-0.05435138880432338,0.44094232405007644,0.4668798493996287,0.6290708760515297,-0.618997212749192,0.38576485656050485,0.6223527107788686,1.0,0.3774720851562421,0.25877221831464936,0.26175953280741787,0.25794314140497615,0.022166272492789987,0.38156836440187475,-0.058193263185430485,-0.15797844697986838,0.24854590013322753,0.2285654247502363,0.4311089781629127,0.17734890468349176,0.023923982391488817,0.4781956087930724,0.5408471502284843,0.2266182642789738,0.310237855086097,0.5317048798810534,0.3531609753402744,0.5951049465959127,0.41067992242442636,0.40705340544394353,-0.169355032927668,-0.07478697268145916,-0.30369446833012514,0.4349564035765922,0.5708856092299895,0.6221079592598654,0.3142489026554785,-0.29862385112354073,0.2653422534470771,0.26902908913438295,0.11602499935000832,0.7074569543045809,0.18078637589207003,0.2431129038662278,0.12817313039693184,0.5515071124672825,-0.1383101118964742,-0.22996124894973996,-0.008822452383810533,0.3920134483275725,0.1471854203764031,0.46762130541460584,0.20182256418052527,0.2597631284086445,0.6861522325121284,0.5286468605782687,0.36625077255605837,0.34857838143184106,0.6430082748632976,-0.13645133015668665,0.5949510764868201,0.44953946716766324,0.4100548677852199,0.5767053398370616,0.3689634959090746,0.49331881652649623,0.09527505144536276,0.42437221612725856,0.3461946184512425,0.3404347927099274,0.06656830122141877,0.23980616007732872,-0.26903529578520907,0.36022283901676333,0.10764690395299144,0.4207335214059943,-0.23743063292501515,-0.12603496347882806,0.25871736210713,0.20531545221870212,-0.18794917281124562,0.31254851400833406,0.19899961639127572,-0.239366769409097,0.4289011508687484,0.4362749199713493,0.24185937018039458,0.24022704444656984,-0.007494260963023357,0.39148957055967254,0.3806585761222532,-0.051576099445693864,0.21841095816505735
AVGO,0.8895694818984691,0.7069369825054268,0.9628408647308683,0.2024481834013396,0.19660330423818606,0.46932172494876684,-0.857153120804964,0.1685068934658422,0.9593840151885452,0.8773690222242612,0.05569397642731749,0.9608352967336655,0.5333343521295708,0.3774720851562421,1.0,-0.2501025322571834,-0.542394340058941,0.844668264898,0.7446210878783437,0.9295153628799182,0.8127387191539895,0.5377830383002397,0.8070852290455987,0.9133455448047941,0.9407127670733031,0.8767554128736347,0.66512445057503,0.5700951912764748,0.25479355311564206,0.9100734831100297,0.7281937963882492,0.8490507728835035,-0.5743382780098046,-0.19022423313336065,0.5101991507421128,-0.28955171583427247,-0.8156544085917536,-0.6216060717238778,0.4670451623083067,0.8930969791320025,0.7376132939655425,0.305661165409083,-0.32724130170027127,-0.8111854456647921,0.9207155670656415,0.9203526559827515,-0.48017681934764944,0.1718797623124173,-0.7286405150343026,0.8563681588627713,0.8796742901728376,0.6743642320024552,-0.7744998409523473,-0.7515550421681739,-0.867279434004188,0.9304155829959573,-0.7045280488047894,0.956930773228756,0.7723684377622497,0.8689418951093513,0.44500629220551075,0.29679911768127915,0.6259929299073613,0.9492213461788018,0.49902048535451937,-0.867125768829273,0.8735104114633204,0.9285175040607825,0.8604802564779925,0.9120824320386082,0.9780965009403289,0.7967411270538631,0.7848149459895483,0.5683439879918442,0.8200402713680507,0.9350859844830187,0.37889129322777065,0.9205949590672406,0.3360183561014833,-0.22333870495642918,-0.7190927786004274,-0.09099506219114863,0.36578305948379836,0.3357159185394125,-0.4957994330487072,0.7174629067178027,-0.16154604584083868,0.9510900605226429,0.7634907817748984,-0.3853188935576203,0.8495702657952959,-0.43115566304501257,0.9315101644172559,0.8290115359749395,-0.854652649491102,-0.34895883040775166,0.9183464275978356,-0.8388933320950426,-0.3312736134876762
AZN,0.03066424192185124,-0.14756999832129392,-0.3635931833148013,0.31377827791561264,-0.21156633778389428,-0.30647350785291944,0.35472926233352964,0.33497984279722515,-0.23027035176777497,0.006096834617660715,-0.38861058890524536,-0.19303428888426333,0.2522108838606975,0.25877221831464936,-0.2501025322571834,1.0,0.7621562376749264,-0.1682531984552214,-0.4473109690783193,-0.20682291456283056,-0.4937802800826336,-0.4920799500707591,-0.09071920102954815,-0.35087189409720876,-0.0955466099791006,-0.33149046424538897,-0.2245897195460695,-0.0089098621660865,0.2401476813681737,-0.26766520779255093,-0.3154894612369497,-0.1648763206558642,0.5098700592822287,0.47971668777686804,0.11338112388853552,0.24346269870157422,0.2426473819388807,0.377341378824855,-0.508330471738862,-0.19898624405179505,0.024143405296413747,0.43629769655823136,0.11556903207530342,0.17865453478856963,-0.12800940417500292,-0.12021873685890154,0.2091656278642006,0.25822021129054906,0.5512886426641804,-0.27292925393941186,-0.32376438239098454,0.317460003048103,0.07915513094812686,0.13034914519880544,0.4273149907907534,-0.31323507202882195,0.1660381849890733,-0.16070386386061344,-0.027070467784567794,-0.26263648167251935,-0.0838634050790197,0.6027063880649083,-0.10010168499592209,-0.1411790114563748,0.447658311660991,0.25914044356967847,-0.08423233384856574,-0.08141160110843837,-0.15266837982567005,-0.219553386057948,-0.1689078753872736,-0.2485291469981399,-0.4332638976008019,0.12828713590886037,0.07898427958084794,-0.22006865019123048,-0.28996749945873984,-0.3953928022614668,-0.7340407374185749,0.7411716570627619,0.20871174361969885,-0.26263814855649026,-0.1315319725855678,-0.5794965367374871,0.31923768777987166,-0.006847519098843373,-0.31466288405943726,-0.31473025279040373,-0.3329124865504438,-0.21374014109501666,-0.19362771500620535,0.3761073729596688,-0.10065396498218912,-0.029252749391571072,0.38260493996227424,0.18850085808602066,-0.20452989791458345,0.4018178576265543,-0.04655593775112569
BIIB,-0.2511453138511076,-0.3401902617154582,-0.6585364264580029,0.20381416022307186,-0.264137185379982,-0.2556602019142447,0.6118755711565793,0.27652812222559053,-0.49101421342393564,-0.25708680336628725,-0.4970925299449009,-0.491002716651271,0.045920570773388604,0.26175953280741787,-0.542394340058941,0.7621562376749264,1.0,-0.5183203922291033,-0.6168856872477803,-0.5280937118407333,-0.7300452122309489,-0.5867111865128554,-0.340674757660129,-0.6224010803060556,-0.41637968217953003,-0.6530739478378842,-0.44859814609074433,-0.006852453606387792,0.30241540818071144,-0.5892183360493213,-0.438749681084796,-0.3335610928590314,0.7117468269804806,0.5460387631374929,-0.06135370879352494,0.5579323027219899,0.5610809750254767,0.48893732155458114,-0.6720891737461687,-0.45072506493918946,-0.23364861553454203,0.35766856677661346,0.2998718472531422,0.4208080900777647,-0.4375906484034093,-0.4306393086751478,0.5149272356749792,0.24316844428293344,0.7822262227018423,-0.6184635106173995,-0.649722722451436,0.09803322170306307,0.4374459087330798,0.27320811684296736,0.669095269210402,-0.5599160160402046,0.5851983565666714,-0.45165498227563367,-0.390153250040262,-0.521635960526684,-0.0681668579551283,0.3559209560898231,-0.38479736266051734,-0.46752510037929634,0.2285912282346494,0.593053728392685,-0.2365384905679064,-0.3931244077323791,-0.457215582686339,-0.4199366841328012,-0.4857278214593796,-0.37139252344206747,-0.6571411366949973,0.042952532965140754,-0.28565856514247884,-0.5089859025554551,-0.31882991089146456,-0.6425028916300183,-0.759326979941783,0.6816910565023759,0.5203613196292827,-0.07633079053447467,-0.43976812220109934,-0.6204873645822438,0.42401718140629896,-0.38144577399547475,-0.10754217688962843,-0.6096294548075752,-0.5112029448999231,-0.18539602983809333,-0.3530901785863237,0.6019091945874687,-0.42818043774234116,-0.3129418591665582,0.6858583845053622,0.36749883222499746,-0.5136442527451153,0.6305319144678521,0.22626072354487364
BKNG,0.8196172617147566,0.815217353847316,0.8508209482152551,0.2946339848992895,0.16243264431998622,0.4908089958503251,-0.8277630440999383,0.37380031892110516,0.872109712054799,0.7725035766494607,0.08091469529584337,0.8995716194507731,0.5793446690714876,0.25794314140497615,0.844668264898,-0.1682531984552214,-0.5183203922291033,1.0,0.7575561691674304,0.8878107189687704,0.689398985670134,0.651881799329622,0.8809068634638931,0.8813627960375778,0.8757305499743461,0.7908853158998463,0.6825840905056159,0.28944363433726605,-0.008912043272717,0.7656163075820707,0.8120806417942159,0.6600747305517881,-0.5091104956945521,-0.2967114597056971,0.27479304952275013,-0.16675491253838975,-0.8839859208910968,-0.5906263754232846,0.5576997495597079,0.8170731147953711,0.7926066154805183,0.25421859404388736,-0.2585420296157112,-0.7866338661679608,0.8847966462545778,0.8855595800407022,-0.6847674822584783,0.300783586856127,-0.637874456869134,0.7960125917874172,0.9033574723871156,0.4976175198926285,-0.8055517947551493,-0.619003754980663,-0.8059693682005284,0.7592605034081881,-0.5624369871336509,0.8916012044778153,0.7349244929585722,0.9326262771876218,0.383493956561484,0.33033435103045633,0.8292746218758413,0.9153055677844653,0.4891229974909242,-0.8629981741912296,0.6862817437898537,0.8200402433568308,0.8392937920523152,0.7561432377362652,0.8992861728853407,0.7464354547880668,0.870932083738428,0.6076722588079492,0.7724213360197891,0.8269172359619069,0.29877367696377205,0.8849294946874597,0.28577582970817206,-0.198965409346491,-0.6243413283480208,-0.12331597707540638,0.6172775196677326,0.24720018012023467,-0.3501643128982528,0.8098630203034134,-0.3483800108170547,0.8505543440371903,0.8361704532060699,-0.20679603101954283,0.7695564330954865,-0.4101797522305842,0.8758002673614652,0.7763888309455973,-0.8482286713794933,-0.08807777508144911,0.881516298319987,-0.8296714445579806,-0.2601739243562097
BKR,0.5305813679234108,0.6807406322546045,0.8247835396244344,-0.033498489549798206,0.5437394179674455,0.575067625835864,-0.7250325258931957,0.18442521899883454,0.7294173373938133,0.44047137615264953,0.3751795799561269,0.748228209153073,0.1903749693608767,0.022166272492789987,0.7446210878783437,-0.4473109690783193,-0.6168856872477803,0.7575561691674304,1.0,0.6249317839405845,0.7976379364866178,0.8560127746756996,0.8272336722793507,0.8189323149063911,0.6087390706159201,0.5976009619852256,0.7457659979493534,0.45101606899254104,0.1033811422293007,0.6847528424667877,0.8501754064321103,0.6174191780152349,-0.5700765883267909,-0.43118827865829473,0.2046641722716521,-0.06341114044589785,-0.6432201485433477,-0.42683280195709267,0.7886664651830385,0.6038184500008151,0.5174650893192063,0.005751874812521113,-0.33030779830708656,-0.5065891164791215,0.6992295780647606,0.6991299318461813,-0.3975291546267059,0.13818271216507638,-0.6888760163429661,0.661806872147892,0.8069917734912867,0.32287565443831046,-0.44929351098324677,-0.43192936611166644,-0.782458136368029,0.7446500577574567,-0.44906544152995387,0.7268446060442858,0.5440522577819246,0.8530954364697255,0.3313668852250686,-0.07464866193052602,0.4240164242682695,0.6817257718713239,0.15164727551542637,-0.6281426642439544,0.6547964570268475,0.5542740577222023,0.6078504579165019,0.6963779187376875,0.723685863196555,0.7609890006676008,0.9082536840525923,0.5313730391031908,0.5212444769097,0.6412966061417452,0.6519170988761107,0.8375452914544064,0.5374807417098358,-0.40812829114705923,-0.4807733321449642,-0.015110399793276845,0.4207114616627647,0.5855003929103128,-0.447266929914641,0.38770734214190344,0.15638832927202684,0.68486122302873,0.8187603874326029,-0.17781311857241627,0.6892622311782104,-0.38698397959058334,0.726625071510907,0.6007623831426037,-0.7194522546036066,-0.22982236125552985,0.7488126724992731,-0.7723128589531221,-0.04123418100790297
CDNS,0.9105256451695176,0.7329164374521154,0.9026628617740814,0.3038696960776677,-0.020901900798420504,0.4706767548340329,-0.8385249412727558,0.2026746410174665,0.910718347358032,0.9046864765999287,-0.01285316460649301,0.9235863042510039,0.6413647944315544,0.38156836440187475,0.9295153628799182,-0.20682291456283056,-0.5280937118407333,0.8878107189687704,0.6249317839405845,1.0,0.7212769459143941,0.4691135578599645,0.7301532876199168,0.8915509282389216,0.9643015554720242,0.9297098688550963,0.5798708073042043,0.36239105793585785,0.0963274745636767,0.8687883293995422,0.6731356546741195,0.7468550400915575,-0.5772183072260169,-0.2130737834833287,0.46834678497238935,-0.3005792579668368,-0.8739269666049573,-0.6336071757180395,0.46555273354938537,0.9179767716822813,0.7839024295258235,0.3394506413201766,-0.22256826550726122,-0.8227254938400596,0.904852979733656,0.9033149717741039,-0.6186442727755506,0.18642026113720128,-0.6944685804454958,0.8690074887741408,0.8860548607293957,0.5756789409742602,-0.8900153899093705,-0.7689579323175638,-0.8248596818999231,0.8270005865408572,-0.667902432705688,0.9124501398783756,0.8027966276991017,0.8390188565907452,0.41769645002622147,0.31333668293376166,0.8112533790282447,0.9613512140812543,0.4695387652997383,-0.9080126121118236,0.7422191049815533,0.9492180555419074,0.9069672466521864,0.8334667225605491,0.9487105124614611,0.7018434883530486,0.7562386666551197,0.49783696195435256,0.8272160551634438,0.9525038905773294,0.16067521457507886,0.8828487722669058,0.3118345766847082,-0.24897362312100738,-0.7017345386413629,-0.04669882179448359,0.512439945765449,0.213560721494679,-0.3853457494209744,0.8666766074618857,-0.3695160917233131,0.9708239363751129,0.7679014133792664,-0.21851948313892638,0.8078376370478888,-0.45442251993082106,0.8792076606031056,0.8292795554707099,-0.8701496304453837,-0.22436000710538803,0.8930065463491549,-0.7834070853220805,-0.36092340915490906
